500
1015  25742
26335    313
5160   8335
14456   3520
1869  18775
16399  18795
3597   3131
5282  14509
17250  11762
2082   9751
 286  22107
25990   3672
7513   2050
27640  21700
3690  18295
15262  31191
16870  10838
2493  25424
1671   7755
5888  16279
16319  13386
3031  11345
13589   7270
3067   2575
11858  17106
 846  19771
12498   9911
25443   9845
6482   4000
16927   2751
30910  13939
1805  30191
2459  19181
5636  14328
18134  30432
11012  14290
9179   7270
25644  21710
8413   3204
17382  29013
30108  22460
18027  14375
20407   8758
31487  22355
10520   4435
27217  14925
1496  30857
28809  16002
30810  24468
4801  29730
7491  21541
15531  14010
22593  13664
15467  18320
30111  18300
16284   5551
29634  25131
1478   1464
6870  29789
29064  21948
12297  25648
6897  10092
31953    498
 662  19748
4585  22858
1550  11362
8378   9113
15281  25182
32026  31478
25735  21934
21595  11552
12402    473
26064  12781
8654   4094
3079  20712
29389  14796
11547  28132
30730    533
13210  17507
6367    133
 163   3568
5938  21515
23302  10106
1408  18868
13871  17933
29478  25547
18170  11086
1012  12095
15229   3644
22828  15196
3600   5348
26461   4634
21237  18388
3432  15709
2842  22573
32346  14228
30115  25959
20675   7253
3314  10221
19285   1974
21259    466
20424  20788
19562  30481
4615  12573
1868  29414
6888  26020
20680   2005
27307   5838
16400   1086
26816   1680
2896  17755
11109   3229
10460   9903
 707  29560
4710  17436
6239   1672
5920    218
23772  32511
1219  26048
27403  32665
3754  28007
30854  30013
15668  15568
24871  31946
22235   4952
21450  23639
8050  27862
9192  12397
31037  25864
17599   9169
26253  25427
30683  25232
8672  29252
16875  30509
32098  26141
17912  25322
31247   6667
14375   2112
2471   5026
11878  26821
13781  18543
11877  17874
29198   4485
30067  25964
11472   3347
6132   4860
18414  17955
15161  28060
30433  30421
21937  13256
7435   6521
3710  32372
9505  16657
1706  17302
28135  23017
2876    619
20402  32521
26802  10686
26919    359
21855   6850
20699   4593
10603   8440
31888  14209
24635  20992
9724  22043
10303   1542
12299   3277
4905  31722
3789   5059
18890  16925
30532   3128
31710  10111
9081  24580
7482  17809
16985  24250
24305  10100
14846  14947
13339  10056
13849  24039
5907  21942
4973  21388
11548   7526
5204   4577
21372  22125
26990   2464
4673   9154
31937  14135
26115  16123
5284  18101
19210  17563
20215   2328
29043   9606
9301   3562
 774   6159
5614  11377
26756  15743
24564   9126
1379  11985
1440  14441
28178  17834
19177  23925
11749  15527
13103  30913
18180  11309
25407  17933
12244  30503
20521   9878
11867  27930
29591  25064
4958  15666
20820  29698
31745  20480
28915    271
27109  15290
2448  26404
11971  18688
31950  10879
22983  25662
24910   8453
2552  25052
17419  19887
16911  10648
29457  19684
5991  12175
4918   1725
22175   6010
30094   5214
32210  30951
6288  25014
13641  31038
31693   5373
15548  21144
27768  10636
5210  25709
13292  29608
32218   5474
6299  28444
19225   7053
27879  19058
19647  12964
30333   5355
5301  23985
19455  19793
9516   3077
24020  19442
3624  22342
14887   8750
26789   4749
15151   3608
3977   2218
12808   2273
27558   4562
18293  17098
8530   5888
14105   3977
27410  11158
14519  23092
28184   7106
24137  12230
23128  10355
25803  19360
12596  10147
28851  20824
6849  25093
28227    881
17119  19743
20719  20124
19575  11026
13363  27974
 577  10081
27502  14191
2491  14909
23877  26298
32236  29149
6764  12018
31949  15281
30371   1864
23377  25904
1519  24749
24840  20053
16178  18903
7589  11719
10333  10649
8107  20738
22434  17497
3250  28864
16419  12678
22748   1075
12231  14877
7203  29585
5865  20841
18775   9410
10703  30009
21434   6901
9953  17161
7502  17442
3012  29589
22782   5520
18079  13964
24832  17044
30688   5153
23255   9954
9228   2668
24450  28654
17461   4258
16286   9970
30430    582
24624  30547
10788  12457
5663  27456
29491  30995
21343  23164
26156  16939
27148  28025
9391  11070
7863  24819
 130   1077
15460   9320
31412  21787
22976  32738
5892  20552
  71   9139
28202    583
27428  24277
8443  28376
7364  14028
18778   2657
5922  15875
17703   9062
5135  19379
14935  22443
12208   8864
31404   7364
4278   8687
30847  13323
14038  19876
19781   5619
14650  21068
25995  30959
25522   8606
15694   5165
19106  25566
12975   7827
6836  15366
21535  20102
6786  17092
12879  18211
2445   9872
9528  27574
16621   3371
7878    589
14154   9474
5314  25222
19163  19221
16060   9637
31015  17420
23517  26967
30090  17764
28563  13941
23694  28064
25417    343
4927  20640
15968    364
14033  26449
11474  18890
23054     12
22522   7345
11021  16174
9248  26625
32000  21866
14490  12499
5827  19363
20298  28783
4158   8726
9104   1312
30112    731
30660  23897
22684  28113
2945  27614
27905   3620
1050  16312
18211  22491
13250  19169
20377   7634
23298  30377
 265   1736
29503   7431
2518   8748
18489  23058
29848  23447
8564  26906
1909  11728
31674  25819
7052  15503
22008  19078
17089  26147
23490   2895
11101  27741
17182  18564
19983   1596
 546   2592
5124    493
5157  22550
18404   6360
23922   6794
19879  13716
22390   1394
19023  11717
3715   6171
5568  22504
7546  24901
1528  28508
15023  17559
23601  26350
5253  28253
22876   7284
11130  30344
16588  22013
2629  27702
21694   2907
13313   7911
8653  15588
23380  31463
15180  31310
29885  12904
23493  17114
31054  13552
12782   4597
13850   8945
31608  14760
20483  31595
27733   7778
12891  13733
16937  32153
29240  20770
18602   8979
18260   8735
31972  20136
5746  16642
27263   3694
10359   1857
20263  30582
3172  27761
1388  29000
18864  25140
12689  13949
29533  32267
10199  16108
23442  21498
1265  32264
6739  23866
30331  14881
20827   8756
14936  16235
4606   7991
26905  21429
2374  32630
12430   5630
6530  20964
14554  24327
20398  18384
1921  18008
11823  23826
20713   8469
5513  32234
18983   9810
9935  22178
12729  24207
21165  30029
28493   8771
25354  17929
22400  11620
11373  13893
20957  13319
14169  29629
21605  28249
6408  18414
24848  16448
24075    246
28381  29471
22627  11480
26905  28256
21984   9312
13499  30057
15007  32475
29883  12271
14000   2085
4982   9093
19706  13951
26713  19352
9385  26079
9752   9980
9602  19086
5871  24693
10907   7397
2411  10667
9760  29768
12677  30238
25563   8065
9930  32229
